0.151465850309815,1.93138710219187,1
1.63327345117598,1.95328909142071,1
0.00424075662067132,0.031802348016903,1
0.880440386743634,1.39492576113472,1
0.940260327645001,0.660843047637586,1
0.658639235142506,0.630271140740297,1
0.753917208912769,1.05259239238378,1
1.14627466537254,1.34018690297753,1
0.21862567802183,1.87699496029838,1
0.280345398064184,2.18420627776189,1
1.5805386716138,1.12900316082947,1
0.143226765247244,2.47920584003984,1
1.30616498504588,0.366064583678557,1
2.75606908514956,0.554202242327988,1
0.485341831462737,0.104554509294108,1
1.7214638322519,1.75236122584763,1
1.93686636891806,0.0655125198592257,1
0.183060646159204,2.23488193331092,1
0.301515296663263,1.08285316328446,1
1.33488623774566,0.0314981593293105,1
2.58236609650682,0.733543769445276,1
2.55945320451554,1.47090226574362,1
1.64409776986687,0.343161953823534,1
0.735885401659534,2.38524133299929,1
2.40666425766656,1.44757366704931,1
0.266556287382355,2.824961542604,1
0.534024321540993,0.692976136912869,1
0.112160767406045,0.582162358239373,1
0.29854508670804,1.19972688862241,1
0.416246220626589,2.78029164201866,1
0.7058282210735,0.62203539033858,1
1.27280915074514,1.47306669598661,1
0.913444748360679,2.79045237605783,1
1.97360606634047,0.950456027210748,1
1.7913023722129,1.73727655739054,1
0.992394918371764,1.36190785482883,1
2.48492067463508,0.0606431356825681,1
1.63358285073872,2.20069037278049,1
0.315152425518836,0.255486682211267,1
0.774302684120066,2.48027300672107,1
2.62489936468826,1.41762234936446,1
0.434534564776071,2.55825538237163,1
0.977950635084005,1.25204172610917,1
2.55468018352906,0.759686195706703,1
0.315176900377653,0.910877368621657,1
1.14921736447455,1.64631138754894,1
2.84936158969547,0.241863719904338,1
1.28416114085385,0.996723381728384,1
0.777367814587468,1.40914063461411,1
0.137940399824413,1.07295367801261,1
0.417495570422393,0.000263648163217724,1
0.0902150450135503,2.47009737502638,1
1.14559744649307,0.76958400099605,1
0.0636447920702003,1.54462593361382,1
1.22368912917944,1.71077273436629,1
0.184078266460272,0.668115332761272,1
1.40808145978125,1.78447893012174,1
0.633811873297612,0.958561256998875,1
2.0751362893057,0.998778860877692,1
1.51674639247899,1.99932629180191,1
0.367228141584967,0.88665289233075,1
0.42609540524894,1.88280285638244,1
0.938209856564646,2.31718874600121,1
0.881766341650671,1.71758596421667,1
0.141658974656842,0.655373073458131,1
1.92002686659038,1.06609778388793,1
1.20837241322704,2.12461476930053,1
1.63498481074571,1.40029521071651,1
2.40609907157266,1.64682727135984,1
1.83560096902207,1.38186990959467,1
2.30294873184727,1.68138168661194,1
0.976933766719096,0.53185783134234,1
0.626509607803251,0.927886219634198,1
2.10311136549054,1.68625151822918,1
0.0778306293877506,1.89024705422305,1
0.591386829158272,1.06698143955297,1
2.74980774401666,0.886642314865662,1
1.38641222211088,1.0989785658015,1
2.23049758599887,1.33498668423269,1
0.798909805912756,2.42811140398675,1
0.528334862885474,2.7695878923609,1
0.356494079856635,2.34221302074078,1
1.31378704707318,2.24331128049336,1
1.61479396011113,0.729743478346454,1
1.43776596839845,0.601813962949104,1
0.641614719231987,2.76609951300192,1
1.3262327284395,1.44704093199107,1
0.901088748829684,2.8056370918328,1
1.52035027882436,1.91298418970067,1
0.962754895164313,2.16063983433594,1
0.696803324246005,0.739715407369681,1
1.02949836185686,2.73597084255254,1
1.26096883951924,1.56817307306335,1
1.69782049138653,1.52411026783241,1
1.64553482707374,0.982571299061261,1
1.45218716662412,0.156189805299369,1
2.36354136029752,1.59501972502638,1
2.25449849102396,0.28346416708514,1
0.00433760704550462,0.160667757952707,1
2.26150595337684,0.663245840867205,1
-0.499370527580202,-1.64025400232194,1
-0.425028202831644,-2.13608846893479,1
-1.32752562237659,-2.49221881377431,1
-1.12227204701573,-1.39854685030914,1
-2.7685880776963,-0.715357542992389,1
-1.75967766430461,-1.58548906015579,1
-0.323227658415674,-0.194717915082631,1
-2.71339267788321,-1.00121689922995,1
-1.48933202395246,-1.99999059499839,1
-2.64273029296616,-1.41134058706689,1
-0.16325996966,-1.2346703031233,1
-0.157164643451515,-1.0997822609538,1
-2.66403494007756,-1.1385416133723,1
-2.46637357275526,-0.434010199216051,1
-0.735581343703605,-0.230047041480131,1
-1.84499995588422,-1.84259128300592,1
-1.07717641995999,-2.37161899478677,1
-2.72946773724139,-0.925865374272482,1
-2.34091068662694,-0.961176354729995,1
-0.244181632016761,-1.02898687471469,1
-0.335911719878047,-0.257069097728087,1
-0.275088669887201,-0.400281283098728,1
-0.471116991761367,-0.181127502773244,1
-1.46953617949736,-0.237408983772132,1
-1.91765747758925,-2.01564911053289,1
-1.61205449997548,-1.500253268013,1
-2.16672510159178,-0.529811421454817,1
-1.54087478727641,-2.28122399627313,1
-0.694095005756772,-0.797365636996421,1
-0.819429730410198,-1.35690383889947,1
-2.23711775871662,-0.516853535113508,1
-1.12390980001944,-2.73188369011152,1
-2.11175317603417,-0.767965166404686,1
-0.28073905913204,-0.298347423374401,1
-0.888246532400983,-2.533123003686,1
-1.44713155331707,-0.0507812166388455,1
-2.35284358514396,-1.31456221778047,1
-0.37047604257556,-1.83125456953835,1
-0.673305199492017,-2.70527943092241,1
-1.71959791309085,-1.94089613373005,1
-0.465391802943687,-2.18850921306413,1
-0.0872846837755282,-1.10475264875191,1
-0.197767786643458,-0.707210794725344,1
-0.237383763250366,-1.01771314750854,1
-0.625617801966273,-0.0978226597764761,1
-0.512204466336272,-0.839698604631454,1
-0.640031878620153,-1.27347683207063,1
-1.45579637928112,-2.07305516702187,1
-0.694856000076338,-2.13415743975115,1
-0.335664869942024,-0.0182460000780136,1
-0.284208579170067,-0.752990040260502,1
-1.20686954741194,-2.69238794855648,1
-2.07562736245268,-0.897036905326206,1
-1.24385287228564,-0.531478263013342,1
-0.822793584257768,-1.26251432421069,1
-2.2160129910998,-1.33555947450975,1
-0.416578014531227,-1.25909812476752,1
-1.74831869766298,-1.47499561926853,1
-0.98884927747008,-2.7843054804101,1
-0.0413175288087349,-2.76038984116799,1
-1.30883110875082,-0.667526000313371,1
-2.05509934075347,-0.469568022818027,1
-0.364720829823024,-2.33379094644864,1
-1.80131727647716,-2.05331053798896,1
-0.047121081993,-1.18697184273536,1
-0.220929073942366,-0.344058372785279,1
-0.00759020947251866,-0.793814639694409,1
-1.3685379185848,-1.5824695775366,1
-1.58184239933631,-1.7189356528218,1
-2.21166273496804,-0.477714224753689,1
-1.43303133197996,-0.89592571425492,1
-2.98034604994865,-0.122812101470279,1
-2.21211372300715,-0.569438187774252,1
-0.719531492519002,-1.7039791621042,1
-2.22423829227764,-0.106292009233566,1
-2.17241594071733,-1.41018398043509,1
-0.526536370036347,-2.39705141624196,1
-0.716788937595398,-1.36765845074936,1
-0.360542725325323,-0.683390410432399,1
-1.74550212123544,-0.532897856994693,1
-1.82976904891996,-1.52295856503341,1
-0.84026164062727,-1.08881883916652,1
-0.0418987304215926,-2.60250734485772,1
-0.73448444915625,-0.243640977946392,1
-1.41619701376543,-0.58070810689084,1
-2.46623831022544,-1.07724633713301,1
-0.504595733784364,-1.21913563193624,1
-1.80702541511942,-1.57791225264016,1
-2.16434110322199,-0.194062801735501,1
-2.01253730836347,-2.06711521595659,1
-1.45483658762845,-0.503111754664506,1
-0.239699496649693,-0.732252666408322,1
-2.29661441921136,-1.15808284637521,1
-2.63373167146793,-0.11427925706774,1
-1.70388063615037,-2.29502362739113,1
-0.703310659561188,-2.80946662890292,1
-0.292757994643148,-0.199641962905838,1
-0.556080766717732,-1.34165306841203,1
-1.63657396336066,-1.69488373508772,1
-1.92942011277118,-2.19510476165093,1
-2.56286442121721,1.43757951015404,-1
-2.55797019712189,0.832127690997008,-1
-0.0680446120244197,0.535049091566944,-1
-0.899461063659326,2.36124015213245,-1
-0.655424750065263,1.93789363254887,-1
-2.89567821639773,0.378137725750212,-1
-1.26902449304579,0.618442758031226,-1
-1.18503281090539,0.999672653540627,-1
-0.3941611956848,0.760199076368609,-1
-1.89835443829432,0.503805403486622,-1
-0.6257491047892,0.767858668002862,-1
-2.37107930432435,0.286467761034358,-1
-2.40673842538217,1.1976139979779,-1
-1.70861497549593,1.83080291964827,-1
-0.517202907107775,2.57456862067438,-1
-1.75434451801323,0.0660483967148953,-1
-0.685463312497621,2.67260236370263,-1
-0.614668325963974,1.86577110708994,-1
-1.70663412957641,2.12214249791946,-1
-1.40837178318706,1.91179348987833,-1
-0.259585249274101,1.10608450689425,-1
-0.765144567454564,0.346461959801217,-1
-0.118671952881264,0.388472333398934,-1
-0.656828298747293,0.411219606437905,-1
-1.8821363561389,0.764733326249144,-1
-0.328252021551281,0.955158581208279,-1
-0.404989172817497,0.293315375557827,-1
-2.40639380708068,1.00150994890614,-1
-1.58882177335321,1.01454408315485,-1
-2.09069523961654,1.53344053536891,-1
-0.903294672801401,1.80435644339102,-1
-1.83642465353944,0.823605011446269,-1
-2.06663380265563,0.177981139960399,-1
-1.2801302007772,1.62089543404807,-1
-2.53274092211674,0.902049610865606,-1
-0.167603654138216,1.89563754284387,-1
-2.75845656279045,0.730132066335188,-1
-0.171769181481203,0.551402557012207,-1
-1.53473647058906,2.14696368165081,-1
-0.482884053066871,0.947415126295417,-1
-0.29608842689634,2.34071650262624,-1
-0.301994448859608,0.0455818480874708,-1
-1.20924945184467,1.83993513646554,-1
-0.122018411437694,0.110784100152454,-1
-2.04969677686989,2.08793850299788,-1
-0.588358031965032,2.7932871548674,-1
-0.852850367614039,2.53699600471523,-1
-0.342665794779199,2.84956997322779,-1
-0.819336000260174,0.799194969393098,-1
-0.47584489919454,1.09231051480123,-1
-0.691232140629081,1.10040137399189,-1
-0.399860110965744,2.33293270635005,-1
-2.69770598232996,0.935236813312988,-1
-0.497404412800809,2.9431590944694,-1
-2.52920490003621,0.0567864642777073,-1
-0.704994937466049,2.4676275692308,-1
-2.23932336369861,1.78018811188364,-1
-0.133691244088548,1.89472695726697,-1
-1.4164893937483,0.492152333555276,-1
-0.366619622409081,1.19434567422867,-1
-0.764604599261821,0.700352239798825,-1
-2.48205821196399,1.07372357928733,-1
-0.268202932044373,1.11767551104871,-1
-1.17447999701556,0.999636974682524,-1
-0.906122292586163,2.55944232179203,-1
-1.55372473836599,0.617433966944985,-1
-2.69628085310957,1.25372509139413,-1
-0.424118246794213,1.4899234987411,-1
-2.14023444895189,0.471462202366756,-1
-0.0522489434453461,1.6815091877779,-1
-2.79431378324048,0.623510995377621,-1
-1.39750118404892,1.16017250236461,-1
-1.1691994204276,1.59226369070272,-1
-1.99489237077265,0.794379417871798,-1
-2.62422676394473,1.25036482185144,-1
-0.52766530802785,0.0105061479253834,-1
-1.07458700059243,2.30155833096686,-1
-0.0168749252908686,2.83176373052687,-1
-0.49289671058052,0.051359948949765,-1
-2.11381729753757,0.479830863850544,-1
-1.55983639477368,0.707685472134107,-1
-2.01752080132289,1.9144225510633,-1
-2.00865597966428,0.995966923979694,-1
-2.34575139165963,0.842318955023354,-1
-1.12127568193398,1.67881575661754,-1
-2.22489127097612,0.839428478207933,-1
-1.49342796260916,0.616882959469532,-1
-0.238154173698211,0.165589224434334,-1
-1.34456748051201,1.83927749544037,-1
-1.48850967890179,0.766379059609435,-1
-0.0105500938791778,2.15761374718213,-1
-2.69420465514413,0.99444152853989,-1
-1.93327496633916,0.317365721272595,-1
-0.547811960320249,1.38797204062314,-1
-0.34469976631051,1.79522308435943,-1
-0.982196551245695,2.72434211956757,-1
-1.32679302919697,2.58291224966242,-1
-2.71022209861201,0.503652373454687,-1
-2.16812514794237,1.89237733330613,-1
-0.623414769212915,1.28936287952192,-1
0.191324590826103,-0.86644952935964,-1
0.629540992880672,-1.28431529027923,-1
1.38204819977526,-0.958818188461415,-1
0.611323178329217,-1.09506933974259,-1
1.53852432459135,-1.75976997371613,-1
1.23938324194541,-1.47858273850175,-1
2.61238961254245,-0.722899798537277,-1
0.80127348757101,-1.01199524827791,-1
1.29870926414702,-2.15179994772411,-1
1.28321964323855,-0.718712717884535,-1
0.775036125494521,-2.13712208442713,-1
1.18706784676831,-1.31596288023483,-1
0.33977304865317,-0.630264921088287,-1
1.19550606283379,-0.793781010336628,-1
2.39955093994703,-0.468057992979991,-1
1.368045104786,-1.61359952637445,-1
2.03858564989033,-0.717852634406494,-1
0.82478325229854,-0.944570769031175,-1
1.9438943945848,-1.16521124549075,-1
0.615852324590038,-2.93112721340629,-1
1.70515435753747,-2.10807129767842,-1
2.28943948577661,-0.328360252536376,-1
2.41263991399601,-1.7213570984463,-1
2.65949504874108,-1.02036726120823,-1
1.64918597018383,-1.62500985786937,-1
0.380824284994476,-0.383157659180344,-1
0.88990997879748,-0.224174244716014,-1
0.0815433825872116,-0.762690049847429,-1
1.58006676068313,-1.25259226007812,-1
1.83075764044339,-0.165045328527828,-1
2.15295437910736,-2.03542077957238,-1
0.36977907155099,-1.17265215517621,-1
2.8748943563351,-0.700050546251137,-1
1.01200530650732,-2.42551418865529,-1
2.42817745270983,-1.23373206765977,-1
1.79049752395218,-1.57723205893207,-1
2.44536389516837,-0.196952664535285,-1
1.72135547650008,-1.1527689817192,-1
0.332766141141578,-0.0865673588449695,-1
0.0222101588739215,-1.78229107575593,-1
2.10413987613867,-0.0352362751320556,-1
0.312142542055908,-2.54428534823628,-1
0.995388556073552,-1.79634537524185,-1
2.0216978859533,-0.171411501180177,-1
0.015628920336798,-1.1129781693095,-1
0.300989095792293,-0.0860474778564063,-1
2.550540759207,-0.565018742978265,-1
1.08131714748553,-1.30779538508624,-1
1.1638206700686,-2.73952048717703,-1
1.34079337345413,-0.429396279832401,-1
1.19090998643982,-1.27675590209446,-1
0.45481698222947,-2.12325380811406,-1
2.58981250467641,-0.294778398405439,-1
2.01599403629821,-0.332397504071129,-1
0.739448075326326,-0.759354615381562,-1
1.6347488938691,-0.374310646952772,-1
1.30227059608706,-1.68664276652645,-1
2.16446105786584,-1.17462734564375,-1
1.54075865453262,-2.13480968128113,-1
0.772716351262247,-0.758901488390389,-1
0.1332275323057,-0.434150442286046,-1
2.15815327392015,-0.118808022353899,-1
1.20385737238704,-2.4167386749318,-1
0.0544939846842625,-0.332361713953515,-1
0.552922430061658,-2.39718697397978,-1
0.0550307090374388,-2.48560770456156,-1
1.81391545702701,-0.867716253759387,-1
2.22373081346494,-1.81331725021408,-1
2.28387875681768,-0.763641006605775,-1
0.155253604921443,-0.151838259414711,-1
1.97737820275492,-0.67069475389265,-1
2.46941784235885,-1.27899795727677,-1
2.56902411100933,-0.934725225608446,-1
1.44057674295572,-1.9409086587646,-1
2.09500065063156,-1.29393125356065,-1
0.635886836460442,-2.1913795082822,-1
0.760619119869743,-1.37424034687905,-1
0.601532459542586,-2.1640075357866,-1
1.47208505079331,-1.96939931618441,-1
0.659308744096675,-1.65444209687294,-1
1.65561412074159,-2.22741940112014,-1
1.32388809990987,-0.0515526235548734,-1
1.25053497618717,-2.2720144291619,-1
1.61383197735314,-0.0443966727848275,-1
2.21991886785462,-1.42693861302464,-1
1.09028920567023,-1.63122819127909,-1
2.62888447964667,-0.598541623183186,-1
1.47466533451363,-1.00358154386961,-1
0.534797830402162,-1.27954305096131,-1
2.48995731306328,-0.840043543465822,-1
1.0480637740924,-1.29589345785487,-1
1.36799107254879,-2.17435186549111,-1
1.28346566795705,-2.2478821714839,-1
1.25507151849991,-0.646038537259308,-1
0.568566945428917,-1.26638890549131,-1
1.27788473254399,-0.39691550886124,-1
0.506684290647933,-1.01288502284475,-1
1.38972120685264,-1.20930490782517,-1
0.339528649937607,-0.352663094321109,-1
0.973463010555201,-0.225062409986587,-1
